1
3
5
7
9
22
44
66
88
100
333
555
777
999
1212
3434
4545
5656
98
765
111
311
511
711
911
221
441
661
881
1001
33311
55511
77711
9991
1212
3434
4545
5656
981
7651
100
300
500
70
90
220
440
660
880
1000
3330
555
777
999
1212
3434
4545
5656
98
765
123
344
54
75
95
225
446
667
888
1004
333
555
777
999
1212
3434
4545
5656
98
765
18
39
58
77
9
226
44
66
88
100
333
555
777
999
1212
3434
4545
5656
98
765

